TABLE NO.  2
 ID          CL          V1          Q           V2
  1.0000E+00  5.6909E+00  5.1272E+00  2.2009E+00  1.2622E+01
  2.0000E+00  3.2198E+00  8.6091E+00  2.0780E+00  1.8454E+01
  3.0000E+00  5.8831E+00  4.4865E+00  1.6707E+00  8.5421E+00
  4.0000E+00  4.4566E+00  6.2986E+00  1.6271E+00  7.3486E+00
  5.0000E+00  8.4988E+00  6.3631E+00  1.4969E+00  1.1980E+01
  6.0000E+00  6.5479E+00  4.4942E+00  2.0248E+00  1.1598E+01
  7.0000E+00  5.3120E+00  3.7411E+00  1.9912E+00  9.9132E+00
  8.0000E+00  6.5295E+00  3.7610E+00  2.0164E+00  2.1134E+01
  9.0000E+00  5.4960E+00  3.8604E+00  1.5798E+00  7.2986E+00
  1.0000E+01  8.7622E+00  6.2400E+00  4.8218E+00  7.5382E+00
  1.1000E+01  4.4352E+00  5.4919E+00  2.8015E+00  9.4577E+00
  1.2000E+01  5.9127E+00  5.6088E+00  2.1683E+00  1.5220E+01
  1.3000E+01  5.4035E+00  2.6851E+00  2.0310E+00  1.3215E+01
  1.4000E+01  5.7029E+00  5.6639E+00  3.9309E+00  9.1992E+00
  1.5000E+01  6.4086E+00  5.5720E+00  2.0638E+00  2.1155E+01
  1.6000E+01  5.7755E+00  5.6740E+00  1.4303E+00  1.0178E+01
  1.7000E+01  9.1217E+00  3.6450E+00  2.8332E+00  1.6029E+01
  1.8000E+01  1.0454E+01  5.8497E+00  2.1088E+00  8.5994E+00
  1.9000E+01  5.6694E+00  3.4964E+00  2.5656E+00  1.3789E+01
  2.0000E+01  7.8451E+00  3.9968E+00  1.1769E+00  9.4029E+00
  2.1000E+01  3.1126E+00  5.9832E+00  2.3276E+00  9.6620E+00
  2.2000E+01  3.7526E+00  5.0867E+00  1.4666E+00  1.0921E+01
  2.3000E+01  6.4687E+00  3.6248E+00  1.1261E+00  1.7391E+01
  2.4000E+01  3.9312E+00  7.0468E+00  2.1175E+00  9.2243E+00
  2.5000E+01  2.7471E+00  5.5857E+00  3.0022E+00  9.6327E+00
  2.6000E+01  1.1768E+01  5.1813E+00  2.6224E+00  8.1725E+00
  2.7000E+01  7.1684E+00  7.9947E+00  4.1131E+00  1.0593E+01
  2.8000E+01  1.9504E+01  2.9898E+00  2.9450E+00  8.1976E+00
  2.9000E+01  3.6752E+00  4.7946E+00  3.5484E+00  8.8733E+00
  3.0000E+01  7.2086E+00  4.4194E+00  2.0860E+00  8.8619E+00
  3.1000E+01  5.1029E+00  6.3031E+00  3.4765E+00  9.3851E+00
  3.2000E+01  8.8931E+00  5.6584E+00  3.0406E+00  1.1318E+01
  3.3000E+01  3.7360E+00  6.0024E+00  3.7524E+00  1.4818E+01
  3.4000E+01  9.8533E+00  5.9321E+00  9.3074E-01  1.0492E+01
  3.5000E+01  3.1602E+00  3.1782E+00  2.1252E+00  2.7387E+01
  3.6000E+01  5.3501E+00  8.0196E+00  3.0650E+00  9.6349E+00
  3.7000E+01  9.6946E+00  6.3387E+00  1.8753E+00  1.2393E+01
  3.8000E+01  7.5681E+00  3.9343E+00  3.5061E+00  9.2664E+00
  3.9000E+01  3.9001E+00  4.0009E+00  2.9138E+00  8.4000E+00
  4.0000E+01  3.6074E+00  3.5753E+00  2.0214E+00  9.2395E+00
  4.1000E+01  5.1858E+00  5.7335E+00  1.7036E+00  6.7059E+00
  4.2000E+01  2.9725E+00  2.3405E+00  2.1678E+00  1.3087E+01
  4.3000E+01  4.4503E+00  4.9041E+00  2.7166E+00  1.2644E+01
  4.4000E+01  4.4372E+00  4.3460E+00  3.2848E+00  1.2287E+01
  4.5000E+01  3.9467E+00  4.0788E+00  1.8171E+00  1.5958E+01
  4.6000E+01  3.6096E+00  3.6933E+00  2.9630E+00  1.4290E+01
  4.7000E+01  1.9422E+00  5.0878E+00  1.8342E+00  1.2284E+01
  4.8000E+01  3.8082E+00  4.2874E+00  1.4709E+00  7.4266E+00
  4.9000E+01  4.6683E+00  9.3112E+00  2.0019E+00  9.0471E+00
  5.0000E+01  4.2119E+00  5.6495E+00  1.5362E+00  2.0184E+01
  5.1000E+01  5.3429E+00  4.1571E+00  1.1944E+00  1.0919E+01
  5.2000E+01  4.2326E+00  3.7661E+00  1.8386E+00  8.9222E+00
  5.3000E+01  7.1734E+00  5.1467E+00  1.7582E+00  6.8224E+00
  5.4000E+01  5.5101E+00  8.1502E+00  2.8993E+00  1.1845E+01
  5.5000E+01  4.4384E+00  6.1034E+00  2.8314E+00  1.0538E+01
  5.6000E+01  5.2378E+00  7.6100E+00  2.8434E+00  8.2581E+00
  5.7000E+01  2.6183E+00  4.8373E+00  2.1180E+00  1.4717E+01
  5.8000E+01  1.1068E+01  3.3214E+00  3.2943E+00  6.6468E+00
  5.9000E+01  4.3853E+00  5.1730E+00  3.2325E+00  9.1361E+00
  6.0000E+01  7.0290E+00  6.2765E+00  2.0053E+00  9.3958E+00
  6.1000E+01  4.3179E+00  6.6998E+00  3.2889E+00  1.0720E+01
  6.2000E+01  6.2778E+00  3.9912E+00  2.2379E+00  9.8776E+00
  6.3000E+01  5.0831E+00  3.7393E+00  2.2456E+00  7.3619E+00
  6.4000E+01  4.4615E+00  6.5992E+00  2.0761E+00  7.9039E+00
  6.5000E+01  4.8082E+00  5.2036E+00  2.2179E+00  1.2281E+01
  6.6000E+01  3.3696E+00  4.7166E+00  4.6878E+00  1.3571E+01
  6.7000E+01  7.9746E+00  4.5838E+00  4.7633E+00  6.1380E+00
  6.8000E+01  6.4618E+00  3.6330E+00  1.6846E+00  7.0917E+00
  6.9000E+01  3.4237E+00  4.5903E+00  2.4503E+00  1.8260E+01
  7.0000E+01  5.3487E+00  3.9763E+00  2.8716E+00  1.2606E+01
  7.1000E+01  4.7925E+00  3.4683E+00  1.5025E+00  9.0488E+00
  7.2000E+01  6.5828E+00  5.3922E+00  3.9793E+00  1.6133E+01
  7.3000E+01  3.3757E+00  5.2477E+00  1.4165E+00  1.2116E+01
  7.4000E+01  3.1012E+00  5.4373E+00  2.0304E+00  6.6121E+00
  7.5000E+01  8.8316E+00  5.1387E+00  1.1771E+00  1.2812E+01
  7.6000E+01  7.0698E+00  6.5638E+00  1.9375E+00  2.4194E+01
  7.7000E+01  5.2515E+00  4.1930E+00  1.8768E+00  7.4131E+00
  7.8000E+01  5.7677E+00  3.0936E+00  2.7101E+00  1.2246E+01
  7.9000E+01  5.2032E+00  5.6591E+00  2.2093E+00  1.6549E+01
  8.0000E+01  4.6742E+00  5.3265E+00  4.4020E+00  6.9354E+00
  8.1000E+01  1.0368E+01  4.4553E+00  1.5960E+00  1.0605E+01
  8.2000E+01  3.3673E+00  6.0203E+00  2.2048E+00  2.4330E+01
  8.3000E+01  7.1962E+00  5.6964E+00  2.7594E+00  1.0054E+01
  8.4000E+01  4.8107E+00  3.5533E+00  2.5007E+00  1.3415E+01
  8.5000E+01  6.7679E+00  7.7513E+00  2.4261E+00  1.6666E+01
  8.6000E+01  1.0424E+01  5.2808E+00  2.3778E+00  1.0876E+01
  8.7000E+01  3.6360E+00  9.7275E+00  2.7444E+00  9.5654E+00
  8.8000E+01  2.6834E+00  4.3553E+00  2.3373E+00  1.6890E+01
  8.9000E+01  6.2580E+00  3.9850E+00  1.9617E+00  6.0827E+00
  9.0000E+01  3.3448E+00  9.5440E+00  2.6872E+00  1.0420E+01
  9.1000E+01  5.6120E+00  2.5230E+00  2.6716E+00  9.4716E+00
  9.2000E+01  7.1996E+00  5.1568E+00  2.4655E+00  9.1469E+00
  9.3000E+01  1.2673E+01  4.1334E+00  2.0568E+00  8.5622E+00
  9.4000E+01  5.1360E+00  4.3027E+00  1.5629E+00  8.7057E+00
  9.5000E+01  4.2073E+00  3.3961E+00  1.8720E+00  9.7174E+00
  9.6000E+01  5.4475E+00  5.9335E+00  2.2877E+00  1.1534E+01
  9.7000E+01  5.7971E+00  6.6628E+00  1.8103E+00  1.0778E+01
  9.8000E+01  9.1942E+00  4.8245E+00  1.8828E+00  1.1371E+01
  9.9000E+01  5.7779E+00  3.8136E+00  2.0930E+00  4.4295E+00
  1.0000E+02  5.7617E+00  7.3584E+00  2.4212E+00  1.4059E+01
